721
186
561
407
9
785
437
369
218
290
859
551
583
695
125
685
625
39
714
792
24
749
25
454
547
254
661
443
20
352
699
763
683
130
113
43
867
612
224
408
515
795
910
915
809
70
730
409
420
584
568
225
412
131
925
729
397
198
243
715
163
617
101
44
904
768
572
348
576
704
102
798
647
267
97
684
196
279
492
800
356
517
161
586
342
570
497
345
156
523
132
68
663
403
457
526
743
57
470
257
841
323
2
742
147
426
58
796
446
638
247
797
791
236
87
146
642
471
553
67
476
450
233
719
81
693
864
387
38
27
91
481
737
566
913
602
295
86
150
213
385
654
569
495
398
477
278
659
383
860
337
779
250
698
199
115
371
253
587
410
465
615
439
244
41
12
819
142
842
322
592
672
466
234
276
503
900
332
818
613
283
29
406
784
297
837
73
140
315
417
490
105
326
674
310
312
815
756
812
626
362
185
402
507
155
320
911
72
261
758
47
829
707
593
292
85
765
623
835
680
564
530
637
920
668
13
653
863
452
657
32
309
377
222
712
673
494
298
738
909
209
5
399
434
709
750
0
739
510
350
810
824
801
677
574
459
321
670
30
563
552
378
232
748
866
77
545
594
902
354
447
548
343
804
202
894
782
869
914
162
424
123
427
907
10
588
349
922
546
60
679
711
554
520
111
473
246
28
577
19
166
735
328
219
846
736
165
500
675
689
42
754
746
251
598
281
723
662
596
204
618
384
277
138
217
549
697
773
26
893
100
627
905
624
248
137
289
557
590
868
930
339
741
781
480
1
376
380
794
847
559
686
622
456
379
300
875
700
876
606
273
544
429
537
148
648
531
585
294
482
614
732
519
485
702
462
861
895
793
660
836
430
522
844
230
258
764
176
578
11
179
865
14
428
692
259
54
109
501
262
401
813
344
34
106
75
651
197
78
159
195
558
390
687
898
389
565
678
269
538
135
849
66
226
331
820
467
94
83
643
36
776
308
640
37
734
805
357
40
589
53
119
816
361
329
524
191
703
413
286
728
609
488
724
63
599
580
364
845
605
265
422
133
336
917
393
487
117
753
604
237
550
433
527
355
803
790
239
610
716
641
228
444
242
597
65
896
144
55
696
529
921
823
227
56
822
396
141
305
579
151
886
432
632
634
513
870
238
95
901
897
284
4
307
374
183
825
727
532
301
445
636
831
285
923
282
21
143
319
48
46
884
733
562
302
149
341
325
288
438
595
210
266
611
423
646
924
108
783
425
359
681
76
464
366
560
525
919
221
421
787
23
50
827
15
838
441
833
479
451
633
887
747
511
682
688
713
178
104
834
6
722
607
725
418
405
830
701
211
862
324
528
474
153
493
205
287
676
840
449
395
694
193
64
629
3
518
96
93
821
31
134
192
270
855
745
18
656
440
483
489
644
541
752
296
890
789
635
175
505
708
762
786
442
216
181
556
498
180
207
215
416
260
99
608
311
691
264
872
367
807
650
788
543
8
469
184
231
206
808
848
17
386
164
705
124
335
927
252
603
658
871
129
535
516
363
82
299
771
567
435
317
575
375
885
814
79
639
145
314
777
472
249
778
906
268
80
256
757
883
347
7
114
539
726
372
916
220
811
74
229
628
664
59
263
521
669
720
892
381
120
33
731
358
92
90
303
304
188
84
502
136
272
351
533
121
929
436
851
370
458
448
293
245
112
591
200
431
621
214
740
631
306
318
223
806
802
316
760
414
478
496
419
139
601
212
275
536
152
918
858
630
891
555
877
391
486
167
767
620
928
22
116
718
49
843
330
799
189
340
240
903
710
879
509
926
187
107
463
110
365
666
759
415
235
770
61
271
51
122
491
899
744
665
499
98
190
368
717
173
775
652
274
649
880
468
157
504
171
45
177
619
360
645
88
856
203
817
333
170
761
69
512
881
154
706
35
912
127
882
194
769
334
392
616
873
461
751
158
853
852
201
338
71
839
460
89
172
857
581
780
373
878
755
475
382
62
534
388
411
774
772
208
540
832
174
52
571
828
168
455
255
671
280
400
182
327
169
514
582
160
126
667
16
889
291
690
908
850
103
766
128
888
600
484
542
313
453
118
655
353
404
506
346
573
826
508
874
241
394
854
